00000000000000000000
000    H          00
0                 00
0       5         00
0   0 0           00
0      a        0000
0 00   0 0 00      0
0      0 0  0   h  0
0           0      0
0    A      000    0
0      0           0
0     00     6    00
00                 0
00   h      0000   0
000        00  0   0
00    Q        00  0
00   000           0
00  00 0      a    0
00   0 000         0
00       0   H    00
00       0         0
000      00   T    0
0    3  0000       0
0          00   0000
0    R      4    000
0  000             0
0    0   M         0
0    0        0    0
0    00  00   00   0
00000000000000000000